5
6
6,5
7
8
8,5
9
9,5
10
10,5
11,5
12
12,5
13
14
14,5
15
16
16,5
17
17,5
18
18,5
19,5
20
20,5
21
22
22,5
23
24
24,5
25
25,5
26
26,5
27,5
28
28,5
29
30
30,5
31
32
32,5
33
33,5
34
34,5
35,5
36
36,5
37
38
39
40
40,5
41,5
42,5
43,5
44
45
46
46,5
47
48
48,5
49,5
50
50,5
51,5
52
52,5
53
54
55
55,5
56,5
57
58
59
59,5
60,5
61
62
63
63,5
64,5
65
66
67
67,5
68
68,5
69
70
71
71,5
72
72,5
73,5
74
74,5
75,5
76
76,5
77
78
79
79,5
80
80,5
81,5
82
82,5
83,5
84
84,5
85
86
86,5
87
87,5
88
88,5
89
89,5
90
90,5
91
91,5
92
92,5
93
94
95
96
96,5
97,5
98,5
99,5
100
100,5
101
101,5
102
103
103,5
105
105,5
106
107
107,5
109
109,5
110
111
111,5
113
113,5
114
115
115,5
117
117,5
118
119
119,5
121
121,5
122
123
123,5
125
125,5
126
127
127,5
129
129,5
130
131
131,5
133
133,5
134
135
135,5
137
137,5
138
139
139,5
141
141,5
142
143
143,5
144,5
145,5
146
146,5
147,5
148
149
150
150,5
151
152
152,5
153
153,5
154
154,5
155,5
156
156,5
157
158
158,5
159
160
160,5
161
161,5
162
162,5
163,5
164
164,5
165
166
166,5
167
168
168,5
169
169,5
170
170,5
171,5
172
172,5
173
174
174,5
175
176
176,5
177
177,5
178
178,5
179,5
180
180,5
181
182
183
184
184,5
185,5
186
186,5
187,5
188
188,5
189
190
191
192
192,5
193,5
194
194,5
195,5
196
196,5
197
198
199
200
200,5
201,5
202,5
203,5
204
204,5
205
206
207
208
208,5
209,5
210,5
211,5
212
212,5
213
214
215
216
216,5
217,5
218,5
219,5
220
220,5
221
222
223
224
224,5
225,5
226
226,5
227,5
228
229
230
231
231,5
232
232,5
233
234
235
235,5
236
236,5
237
238
239
239,5
240
240,5
241
242
243
243,5
244
244,5
245
246
247
247,5
248
248,5
249
250
251
251,5
252
252,5
253
254
255
255,5
256
256,5
257
258
259
259,5
260
260,5
261
262
263
264
265
266
267
268
269
270
271
272
273
274
275
276
277
278
279
280
280,5
281,5
282
282,5
283,5
284
284,5
285
286
287
288
288,5
289,5
290
290,5
291,5
292,5
293
294
295
296
296,5
297,5
298
298,5
299,5
300
300,5
301
302
303
304
304,5
305,5
306
306,5
307
307,5
308
308,5
309
310
311
311,5
313
314
315
315,5
317
318
319
319,5
321
322
323
323,5
324
324,5
325
326
327
327,5
329
330
331
331,5
332
332,5
333
334
335
335,5
337
338
339
339,5
340
340,5
341
342
343
343,5
345
346
347
347,5
349
350
351
352
352,5
353,5
354
354,5
355,5
356
356,5
357
358
358,5
359
360
360,5
361
361,5
362
362,5
363,5
364
364,5
365
366
366,5
367
368
368,5
369
369,5
370
370,5
371,5
372
372,5
373
374
374,5
375
376
376,5
377
377,5
378
378,5
379,5
380
380,5
381
382
382,5
383
384
384,5
385
385,5
386
386,5
387,5
388
388,5
389
390
391
392
392,5
393,5
394
394,5
395,5
396
396,5
397
398
399
400
400,5
401,5
402
402,5
403,5
404
404,5
405
406
407
408
408,5
409,5
410,5
411,5
412
412,5
413
414
415
416
416,5
417,5
418,5
419,5
420
420,5
421
422
423
424
424,5
425,5
426,5
427,5
428
428,5
429
430
431
432
432,5
433,5
434,5
435,5
436
436,5
437
438,5
439
440
441